 0 1
 0 0
 0 14
 0 45
 0 91
 0 147
 0 212
 0 282
 0 354
 0 422
 0 484
 0 535
 0 573
 0 597
 0 604
 0 595
 0 569
 0 527
 0 475
 0 412
 0 343
 0 271
 0 202
 0 138
 0 83
 0 40
 0 11
 0 0
 0 3
 0 23
 0 59
 0 108
 0 168
 0 235
 0 306
 0 377
 0 443
 0 502
 0 549
 0 583
 0 601
 0 603
 0 588
 0 557
 0 511
 0 454
 0 389
 0 319
 0 248
 0 180
 0 118
 0 67
 0 28
 0 5
 0 0
 0 7
 0 34
 0 74
 0 127
 0 190
 0 259
 0 330
 0 400
 0 464
 0 519
 0 562
 0 591
 0 604
 0 599
 0 579
 0 543
 0 494
 0 433
 0 366
 0 295
 0 225
 0 158
 0 100
 0 52
 0 19
 0 1
 0 0
 0 14
 0 46
 0 91
 0 147
 0 213
 0 283
 0 354
 0 422
 0 484
 0 535
 0 574
 0 597
 0 604
 0 595
 0 568
 0 527
 0 474
 0 0
